942 402 981 785 27 105 643 959 761 188 230 41 60 988 869 796 799 561 896 350 354 782 351
43 682 812 172 806 388 904 84 878 499 166 775 447 793 620 925 588 367 998 880 62 843 673
741 948 178 465 187 732 134 717 697 121 713 534 867 789 236 632 918 165 320 693 962 783
900 284 103 556 395 908 12 758 261 206 192 80 874 75 399 829 162 756 383 13 805 145 195
701 714 603 932 32 356 19 781 587 340 886 28 363 380 929 199 722 129 352 757 902 581 150
709 231 635 167 421 316 614 569 641 468 125 651 433 306 604 516 488 838 660 233 720 290
963 528 749 870 546 235 104 961 286 624 455 307 834 65 494 483 278 128 140 715 265 740
337 264 252 16 936 663 509 786 58 515 772 442 753 312 464 679 427 802 882 978 424 139
592 613 670 946 648 364 623 237 972 100 155 702 667 417 803 229 698 960 589 545 33 899
250 964 994 669 119 251 156 425 200 881 183 815 856 120 718 746 553 910 365 348 535 508
486 17 89 644 35 37 489 922 8 1 734 665 958 739 926 681 617 502 712 759 579 382 844 193
326 161 449 596 372 831 859 406 950 814 458 905 132 126 937 220 716 536 677 797 897 817
463 704 23 705 353 341 314 938 453 966 792 804 50 99 271 299 593 573 934 34 990 884 790
875 346 225 275 529 850 410 469 572 432 476 288 47 343 266 226 431 217 504 760 349 207
888 550 736 429 795 500 327 510 430 122 909 995 146 919 238 519 398 400 554 287 68 939
564 51 239 951 700 213 566 696 591 672 203 551 866 530 725 127 329 394 357 170 300 369
443 674 576 562 745 822 295 467 59 130 735 986 987 915 69 462 5 85 953 480 481 25 524 766
877 434 979 158 656 540 92 823 397 845 471 9 798 664 473 559 211 828 666 177 794 527 895
547 577 611 626 754 254 668 980 407 586 683 115 911 849 968 259 181 55 810 879 169 479
361 212 131 42 176 506 997 31 332 96 477 517 409 612 606 333 393 109 277 821 426 678 633
862 157 191 438 76 854 279 774 927 423 658 975 101 945 86 808 359 848 513 568 996 6 456
415 835 619 514 439 412 985 294 940 269 416 495 991 255 520 422 974 3 93 381 675 493 751
537 935 688 827 689 523 56 309 830 335 124 457 891 280 542 189 208 787 358 907 274 501
861 731 820 392 184 441 575 872 376 755 563 983 645 268 599 864 390 214 248 982 322 219
413 451 833 440 411 676 118 767 324 2 580 708 444 901 241 106 818 297 454 931 565 113 750
744 224 273 647 491 842 627 262 692 680 699 650 930 232 952 630 44 989 601 544 965 249 640
270 209 584 618 763 201 180 163 257 373 334 876 764 21 67 336 595 567 151 549 637 315 276
594 135 175 605 492 649 496 558 780 752 461 194 475 186 218 15 837 512 164 865 190 90 944
726 657 470 652 136 498 323 36 20 507 969 112 723 485 903 482 267 887 971 74 847 898 607
768 389 733 824 711 404 317 583 970 621 773 916 137 46 83 375 857 408 724 885 110 448 846
73 450 97 956 263 366 168 386 78 253 574 63 223 778 686 88 555 511 40 446 49 503 148 832
943 328 347 892 625 387 858 70 533 578 153 460 597 204 197 654 436 325 198 368 947 921 836
182 147 557 14 362 39 687 7 87 748 776 117 728 615 152 890 301 472 319 719 691 71 801 210
976 853 825 303 94 526 466 282 646 531 710 227 272 143 138 999 281 590 244 582 788 706 171
522 928 331 45 655 107 66 185 628 234 703 330 984 296 159 291 144 57 405 24 560 690 342 384 
37 631 10 860 111 302 883 205 419 917 304 920 179 906 379 525 769 954 371 246 784 684 345
98 807 222 256 318 437 377 539 77 610 973 871 770 91 914 321 11 811 585 727 923 243 298 173
747 855 779 355 505 305 629 598 360 142 941 742 977 391 396 868 639 487 54 730 221 538 81
738 497 293 338 79 310 484 459 839 22 957 260 29 474 518 771 435 616 924 662 245 889 292
695 4 154 370 374 114 552 308 967 671 420 174 38 428 1000 602 765 52 826 228 819 548 653
133 791 636 53 82 873 30 490 141 61 240 403 401 694 816 685 64 215 570 622 955 634 912 894
116 993 414 543 160 661 289 541 339 809 609 992 638 378 311 247 123 196 313 933 729 659 949
26 283 841 571 532 72 216 642 707 893 418 445 521 851 840 813 149 95 108 385 242 258 102 
344 478 452 743 202 608 48 600 852 721 285 18 863 762 913 777 800